Error= 99.7436712607575

K= [[9.44782338e+02 0.00000000e+00 2.79563389e+03]
 [0.00000000e+00 9.39747472e+02 3.08020293e+03]
 [0.00000000e+00 0.00000000e+00 1.00000000e+00]]
 
 distortion= [[-0.05382553  0.01079382  0.00393396  0.00667364 -0.00031368]]