Retval= 3.7294476275836397

K= [[3.98897118e+03 0.00000000e+00 2.85629228e+03]
 [0.00000000e+00 4.02275067e+03 2.15719743e+03]
 [0.00000000e+00 0.00000000e+00 1.00000000e+00]]
 
 distortion= [[ 0.20170125 -0.42258863 -0.00239507 -0.00090458 -0.63641613]]